251
279
697
863
862
770
771
772
839
888
887
900
858
898
838
834
803
802
298
33
220
749
884
843
733
725
722
743
613
575
555
674
673
462
457
440
389
385
381
282
263
124
123
122
121
119
146
120
829
876
857
726
694
554
540
558
553
550
541
538
537
552
551
529
530
353
400
384
373
396
393
294
287
281
254
345
249
152
65
60
66
63
62
61
64
68
67
736
775
444
456
450
383
707
562
556
536
452
292
225
783
654
651
643
641
634
507
499
498
497
487
485
484
483
518
408
160
157
158
159
751
750
880
879
624
623
622
621
617
840
835
720
443
362
363
489
422
230
860
734
715
709
706
705
889
822
821
820
611
451
379
369
358
338
255
226
166
165
693
609
597
355
640
677
481
439
482
209
210
671
668
667
644
500
521
494
411
438
317
153
69
109
795
794
567
468
467
466
461
446
522
614
289
131
132
130
574
755
761
626
753
873
867
866
859
852
846
740
739
738
825
559
549
544
675
399
371
370
342
313
293
261
260
258
256
252
328
56
133
59
58
57
213
1
882
815
816
669
665
645
525
526
471
524
346
322
310
309
326
108
39
38
37
36
35
34
871
870
714
601
600
593
590
576
573
561
685
683
519
464
455
447
442
378
377
265
238
116
115
861
747
746
799
679
620
678
666
647
638
689
649
515
514
513
428
276
333
277
334
211
335
789
664
505
504
506
175
174
786
762
659
517
503
417
171
170
169
168
173
172
785
663
662
661
421
409
231
232
532
759
629
403
404
827
853
848
847
837
836
777
744
701
700
699
698
627
619
598
595
560
684
475
832
596
752
776
631
480
855
741
718
817
796
721
612
577
570
569
568
465
460
441
359
357
351
290
275
247
128
127
126
125
129
616
605
533
352
571
401
390
618
564
546
545
682
680
563
387
382
433
295
283
280
350
339
87
77
695
547
388
284
91
90
89
88
656
658
657
653
652
687
394
300
299
221
340
343
842
364
278
347
242
240
681
516
427
426
303
425
318
214
215
136
135
134
216
702
534
354
291
332
236
748
264
227
660
414
323
319
70
72
145
84
75
73
83
74
548
592
97
96
95
208
141
140
139
94
877
845
805
703
591
587
286
150
149
55
54
103
217
757
625
478
472
402
637
635
632
492
528
413
412
325
308
307
304
341
305
155
154
86
148
107
106
105
85
142
798
222
760
758
479
477
883
782
780
766
508
493
486
321
163
162
161
164
535
437
881
814
813
812
806
642
633
431
415
407
432
320
316
315
302
27
26
23
22
147
76
32
30
29
28
156
143
31
844
723
696
539
463
448
368
253
250
118
117
112
111
114
113
110
630
474
361
454
285
269
219
218
754
470
469
831
790
742
704
599
589
348
311
233
234
557
374
375
727
716
717
628
476
791
781
672
655
510
509
501
531
410
406
239
177
176
737
724
581
899
712
565
445
365
366
367
711
710
416
610
372
312
473
676
424
397
391
301
405
314
306
337
144
212
594
851
849
745
735
584
583
582
356
436
223
874
865
586
585
580
578
572
496
495
488
523
453
430
344
267
349
331
327
248
47
46
41
40
53
224
102
44
43
42
45
52
49
51
50
48
719
588
228
773
490
502
423
235
296
99
98
